[[ 0.79424849  0.46223223  0.79669972  0.13617609  0.16428762  0.22471168
   0.74789958  3.34169526 11.41431422 28.40877568 41.51586159 23.50662603
   6.04984377  0.12572791  1.94949006  0.81075238  0.64376284  1.41167632
   0.68515697  0.95052883]
 [ 0.41156036  0.61109814  0.07826996  0.34035218  0.47128451  0.13317078
   0.93893106  1.21919962  4.33355862 10.67240935 31.83100081 12.61944276
   4.24504249  1.06070813  0.22010615  0.40989595  0.86710315  0.07561486
   0.38691537  0.05072743]]
30
29
28
27
26
25
24
23
22
21
20
19
18
17
16
15
14
13
12
11
10
9
8
7
6
5
4
3
2
1
