[[ 0.4328636   1.3239796   0.          0.09698094  0.7273979   1.1725326
   1.1211641   3.5198052   7.5218496  23.536446   35.783314   35.601868
   5.4755235   1.8166264   1.5643356   0.1738605   0.44193822  0.27478114
   1.2627712   0.4390461 ]
 [ 0.          0.12442467  0.13534082  0.03707086  0.06360647  0.7840012
   0.3875625   1.4405584   3.7069526  15.541826   29.501059   11.646311
   2.9069517   0.09838255  0.26171485  0.8932278   0.2693994   0.24491474
   0.03813792  1.1026089 ]]
0
1
2
3
4
5
6
7
8
9
10
11
12
13
14
15
16
17
18
19
20
21
22
23
24
25
26
27
28
29
30
